3
4
5
6
7
8
9
10
11
12
13
14
17
22
23
25
27
31
32
33
34
35
36
37
38
39
41
43
44
47
49
50
51
52
53
54
55
56
57
58
59
60
61
62
63
65
66
67
68
69
71
72
73
74
75
76
78
80
81
82
83
84
85
86
87
88
89
90
91
92
93
94
95
96
97
98
99
105
106
110
111
113
114
115
116
118
119
121
123
124
125
127
129
135
137
139
140
143
144
151
153
154
155
156
157
158
161
162
163
164
165
166
167
168
169
170
171
173
174
176
177
179
180
181
182
183
184
186
187
188
189
190
192
196
197
198
199
200
203
204
205
206
207
208
209
210
211
212
213
215
216
217
218
219
220
221
222
224
226
227
228
229
230
231
232
233
234
236
238
239
240
241
242
243
244
245
246
256
261
269
270
271
273
274
275
655
656
686
701
702